{
 "cells": [
  {
   "cell_type": "code",
   "execution_count": 12,
   "metadata": {},
   "outputs": [
    {
     "name": "stdout",
     "output_type": "stream",
     "text": [
      "<class 'pandas.core.frame.DataFrame'>\n",
      "RangeIndex: 930 entries, 0 to 929\n",
      "Data columns (total 15 columns):\n",
      " #   Column                     Non-Null Count  Dtype \n",
      "---  ------                     --------------  ----- \n",
      " 0   Company Name               930 non-null    object\n",
      " 1   Model Name                 930 non-null    object\n",
      " 2   Mobile Weight              930 non-null    object\n",
      " 3   RAM                        930 non-null    object\n",
      " 4   Front Camera               930 non-null    object\n",
      " 5   Back Camera                930 non-null    object\n",
      " 6   Processor                  930 non-null    object\n",
      " 7   Battery Capacity           930 non-null    object\n",
      " 8   Screen Size                930 non-null    object\n",
      " 9   Launched Price (Pakistan)  930 non-null    object\n",
      " 10  Launched Price (India)     930 non-null    object\n",
      " 11  Launched Price (China)     930 non-null    object\n",
      " 12  Launched Price (USA)       930 non-null    object\n",
      " 13  Launched Price (Dubai)     930 non-null    object\n",
      " 14  Launched Year              930 non-null    int64 \n",
      "dtypes: int64(1), object(14)\n",
      "memory usage: 109.1+ KB\n"
     ]
    }
   ],
   "source": [
    "import pandas as pd\n",
    "import numpy as np\n",
    "import matplotlib as plt\n",
    "from sklearn.preprocessing import LabelEncoder\n",
    "df = pd.read_csv(\"./dataset.csv\", encoding=\"ISO-8859-1\")\n",
    "# initial conclusions about data\n",
    "df.info()\n",
    "# no missing values\n",
    "# I'll need to convert weight, ram, fromt cam, back cam, battery capactiy, and screensize into numeric types\n",
    "# company name, model name, and processor will all need categorical feature preprocessing, probably one hot label encoding"
   ]
  },
  {
   "cell_type": "code",
   "execution_count": 13,
   "metadata": {},
   "outputs": [
    {
     "data": {
      "text/html": [
       "<div>\n",
       "<style scoped>\n",
       "    .dataframe tbody tr th:only-of-type {\n",
       "        vertical-align: middle;\n",
       "    }\n",
       "\n",
       "    .dataframe tbody tr th {\n",
       "        vertical-align: top;\n",
       "    }\n",
       "\n",
       "    .dataframe thead th {\n",
       "        text-align: right;\n",
       "    }\n",
       "</style>\n",
       "<table border=\"1\" class=\"dataframe\">\n",
       "  <thead>\n",
       "    <tr style=\"text-align: right;\">\n",
       "      <th></th>\n",
       "      <th>Company Name</th>\n",
       "      <th>Model Name</th>\n",
       "      <th>Mobile Weight</th>\n",
       "      <th>RAM</th>\n",
       "      <th>Front Camera</th>\n",
       "      <th>Back Camera</th>\n",
       "      <th>Processor</th>\n",
       "      <th>Battery Capacity</th>\n",
       "      <th>Screen Size</th>\n",
       "      <th>Launched Price (USA)</th>\n",
       "      <th>Launched Year</th>\n",
       "    </tr>\n",
       "  </thead>\n",
       "  <tbody>\n",
       "    <tr>\n",
       "      <th>Company Name</th>\n",
       "      <td>1.000000</td>\n",
       "      <td>-0.145911</td>\n",
       "      <td>-0.076564</td>\n",
       "      <td>0.126444</td>\n",
       "      <td>0.169474</td>\n",
       "      <td>0.169655</td>\n",
       "      <td>0.245158</td>\n",
       "      <td>0.079270</td>\n",
       "      <td>-0.059101</td>\n",
       "      <td>-0.083653</td>\n",
       "      <td>0.124861</td>\n",
       "    </tr>\n",
       "    <tr>\n",
       "      <th>Model Name</th>\n",
       "      <td>-0.145911</td>\n",
       "      <td>1.000000</td>\n",
       "      <td>0.090522</td>\n",
       "      <td>-0.116841</td>\n",
       "      <td>-0.052529</td>\n",
       "      <td>-0.196505</td>\n",
       "      <td>-0.282567</td>\n",
       "      <td>-0.087496</td>\n",
       "      <td>0.038430</td>\n",
       "      <td>0.079113</td>\n",
       "      <td>-0.231134</td>\n",
       "    </tr>\n",
       "    <tr>\n",
       "      <th>Mobile Weight</th>\n",
       "      <td>-0.076564</td>\n",
       "      <td>0.090522</td>\n",
       "      <td>1.000000</td>\n",
       "      <td>-0.007427</td>\n",
       "      <td>-0.283264</td>\n",
       "      <td>-0.308513</td>\n",
       "      <td>-0.000904</td>\n",
       "      <td>0.847731</td>\n",
       "      <td>0.975893</td>\n",
       "      <td>0.104919</td>\n",
       "      <td>0.066349</td>\n",
       "    </tr>\n",
       "    <tr>\n",
       "      <th>RAM</th>\n",
       "      <td>0.126444</td>\n",
       "      <td>-0.116841</td>\n",
       "      <td>-0.007427</td>\n",
       "      <td>1.000000</td>\n",
       "      <td>0.460093</td>\n",
       "      <td>0.439636</td>\n",
       "      <td>0.135241</td>\n",
       "      <td>0.139213</td>\n",
       "      <td>0.046963</td>\n",
       "      <td>0.108546</td>\n",
       "      <td>0.380281</td>\n",
       "    </tr>\n",
       "    <tr>\n",
       "      <th>Front Camera</th>\n",
       "      <td>0.169474</td>\n",
       "      <td>-0.052529</td>\n",
       "      <td>-0.283264</td>\n",
       "      <td>0.460093</td>\n",
       "      <td>1.000000</td>\n",
       "      <td>0.449325</td>\n",
       "      <td>0.056516</td>\n",
       "      <td>-0.159587</td>\n",
       "      <td>-0.224311</td>\n",
       "      <td>-0.003924</td>\n",
       "      <td>0.166053</td>\n",
       "    </tr>\n",
       "    <tr>\n",
       "      <th>Back Camera</th>\n",
       "      <td>0.169655</td>\n",
       "      <td>-0.196505</td>\n",
       "      <td>-0.308513</td>\n",
       "      <td>0.439636</td>\n",
       "      <td>0.449325</td>\n",
       "      <td>1.000000</td>\n",
       "      <td>0.046943</td>\n",
       "      <td>-0.105986</td>\n",
       "      <td>-0.263279</td>\n",
       "      <td>-0.014025</td>\n",
       "      <td>0.318188</td>\n",
       "    </tr>\n",
       "    <tr>\n",
       "      <th>Processor</th>\n",
       "      <td>0.245158</td>\n",
       "      <td>-0.282567</td>\n",
       "      <td>-0.000904</td>\n",
       "      <td>0.135241</td>\n",
       "      <td>0.056516</td>\n",
       "      <td>0.046943</td>\n",
       "      <td>1.000000</td>\n",
       "      <td>0.083659</td>\n",
       "      <td>0.044587</td>\n",
       "      <td>0.013539</td>\n",
       "      <td>0.061841</td>\n",
       "    </tr>\n",
       "    <tr>\n",
       "      <th>Battery Capacity</th>\n",
       "      <td>0.079270</td>\n",
       "      <td>-0.087496</td>\n",
       "      <td>0.847731</td>\n",
       "      <td>0.139213</td>\n",
       "      <td>-0.159587</td>\n",
       "      <td>-0.105986</td>\n",
       "      <td>0.083659</td>\n",
       "      <td>1.000000</td>\n",
       "      <td>0.879453</td>\n",
       "      <td>0.063929</td>\n",
       "      <td>0.351973</td>\n",
       "    </tr>\n",
       "    <tr>\n",
       "      <th>Screen Size</th>\n",
       "      <td>-0.059101</td>\n",
       "      <td>0.038430</td>\n",
       "      <td>0.975893</td>\n",
       "      <td>0.046963</td>\n",
       "      <td>-0.224311</td>\n",
       "      <td>-0.263279</td>\n",
       "      <td>0.044587</td>\n",
       "      <td>0.879453</td>\n",
       "      <td>1.000000</td>\n",
       "      <td>0.095838</td>\n",
       "      <td>0.139199</td>\n",
       "    </tr>\n",
       "    <tr>\n",
       "      <th>Launched Price (USA)</th>\n",
       "      <td>-0.083653</td>\n",
       "      <td>0.079113</td>\n",
       "      <td>0.104919</td>\n",
       "      <td>0.108546</td>\n",
       "      <td>-0.003924</td>\n",
       "      <td>-0.014025</td>\n",
       "      <td>0.013539</td>\n",
       "      <td>0.063929</td>\n",
       "      <td>0.095838</td>\n",
       "      <td>1.000000</td>\n",
       "      <td>0.013456</td>\n",
       "    </tr>\n",
       "    <tr>\n",
       "      <th>Launched Year</th>\n",
       "      <td>0.124861</td>\n",
       "      <td>-0.231134</td>\n",
       "      <td>0.066349</td>\n",
       "      <td>0.380281</td>\n",
       "      <td>0.166053</td>\n",
       "      <td>0.318188</td>\n",
       "      <td>0.061841</td>\n",
       "      <td>0.351973</td>\n",
       "      <td>0.139199</td>\n",
       "      <td>0.013456</td>\n",
       "      <td>1.000000</td>\n",
       "    </tr>\n",
       "  </tbody>\n",
       "</table>\n",
       "</div>"
      ],
      "text/plain": [
       "                      Company Name  Model Name  Mobile Weight       RAM  \\\n",
       "Company Name              1.000000   -0.145911      -0.076564  0.126444   \n",
       "Model Name               -0.145911    1.000000       0.090522 -0.116841   \n",
       "Mobile Weight            -0.076564    0.090522       1.000000 -0.007427   \n",
       "RAM                       0.126444   -0.116841      -0.007427  1.000000   \n",
       "Front Camera              0.169474   -0.052529      -0.283264  0.460093   \n",
       "Back Camera               0.169655   -0.196505      -0.308513  0.439636   \n",
       "Processor                 0.245158   -0.282567      -0.000904  0.135241   \n",
       "Battery Capacity          0.079270   -0.087496       0.847731  0.139213   \n",
       "Screen Size              -0.059101    0.038430       0.975893  0.046963   \n",
       "Launched Price (USA)     -0.083653    0.079113       0.104919  0.108546   \n",
       "Launched Year             0.124861   -0.231134       0.066349  0.380281   \n",
       "\n",
       "                      Front Camera  Back Camera  Processor  Battery Capacity  \\\n",
       "Company Name              0.169474     0.169655   0.245158          0.079270   \n",
       "Model Name               -0.052529    -0.196505  -0.282567         -0.087496   \n",
       "Mobile Weight            -0.283264    -0.308513  -0.000904          0.847731   \n",
       "RAM                       0.460093     0.439636   0.135241          0.139213   \n",
       "Front Camera              1.000000     0.449325   0.056516         -0.159587   \n",
       "Back Camera               0.449325     1.000000   0.046943         -0.105986   \n",
       "Processor                 0.056516     0.046943   1.000000          0.083659   \n",
       "Battery Capacity         -0.159587    -0.105986   0.083659          1.000000   \n",
       "Screen Size              -0.224311    -0.263279   0.044587          0.879453   \n",
       "Launched Price (USA)     -0.003924    -0.014025   0.013539          0.063929   \n",
       "Launched Year             0.166053     0.318188   0.061841          0.351973   \n",
       "\n",
       "                      Screen Size  Launched Price (USA)  Launched Year  \n",
       "Company Name            -0.059101             -0.083653       0.124861  \n",
       "Model Name               0.038430              0.079113      -0.231134  \n",
       "Mobile Weight            0.975893              0.104919       0.066349  \n",
       "RAM                      0.046963              0.108546       0.380281  \n",
       "Front Camera            -0.224311             -0.003924       0.166053  \n",
       "Back Camera             -0.263279             -0.014025       0.318188  \n",
       "Processor                0.044587              0.013539       0.061841  \n",
       "Battery Capacity         0.879453              0.063929       0.351973  \n",
       "Screen Size              1.000000              0.095838       0.139199  \n",
       "Launched Price (USA)     0.095838              1.000000       0.013456  \n",
       "Launched Year            0.139199              0.013456       1.000000  "
      ]
     },
     "execution_count": 13,
     "metadata": {},
     "output_type": "execute_result"
    }
   ],
   "source": [
    "# PREPROCESSING\n",
    "\n",
    "# TODO: keep a copy of un normalized dataframe for plotting conclusions, etc\n",
    "\n",
    "# numerical feature conversion and normalization for weight, ram, front cam, back cam, battery, screen size, and usd price\n",
    "# drop unused columns\n",
    "df = df.drop(['Launched Price (Pakistan)', 'Launched Price (India)', 'Launched Price (China)', 'Launched Price (Dubai)'], axis=1)\n",
    "# there are some decmials so cast weight as float\n",
    "df['Mobile Weight'] = df['Mobile Weight'].astype(str).str.replace('g', '').astype(float)\n",
    "# normalize\n",
    "#df['Mobile Weight'] = (df['Mobile Weight'] - np.mean(df['Mobile Weight']))/np.std(df['Mobile Weight'])\n",
    "\n",
    "# there are some RAM values like 8GB / 12GB (like the Huawei P60 series). we are going to use the first value as that is what the base model uses which is the price listed.\n",
    "# there are also some decimal values, so we'll cast to float\n",
    "df['RAM'] = df['RAM'].astype(str).str.split('/').str[0].str.replace('GB', '').astype(float)\n",
    "# normalize\n",
    "#df['RAM'] = (df['RAM'] - np.mean(df['RAM']))/np.std(df['RAM'])\n",
    "\n",
    "# there are some front camera values formatted like 12MP / 4K or 12MP + 12MP so we are just using the first values for now. there is 2 values that starts with 'Dual' which we will test for manually and simply remove the characters\n",
    "for idx, val in df['Front Camera'].items():\n",
    "    if val[0] == 'D':\n",
    "        val = val[5:]\n",
    "    t = float(val.split('MP')[0])\n",
    "    df.at[idx, 'Front Camera'] = t\n",
    "# normalize\n",
    "#df['Front Camera'] = (df['Front Camera'] - np.mean(df['Front Camera']))/np.std(df['Front Camera'])\n",
    "\n",
    "# do the same for back camera\n",
    "for idx, val in df['Back Camera'].items():\n",
    "    if val[0] == 'D':\n",
    "        val = val[5:]\n",
    "    t = float(val.split('MP')[0])\n",
    "    df.at[idx, 'Back Camera'] = t\n",
    "# normalize\n",
    "# df['Back Camera'] = (df['Back Camera'] - np.mean(df['Back Camera']))/np.std(df['Back Camera'])\n",
    "\n",
    "# all values in front camera/back camera are floats now. this next line just tells pandas to recheck the type essentially\n",
    "df = df.infer_objects()\n",
    "\n",
    "# for battery capacity we just need to remove the mAh, remove the comma, and cast to int\n",
    "df['Battery Capacity'] = df['Battery Capacity'].astype(str).str.replace('mAh', '').str.replace(',', '').astype(int)\n",
    "# normalize\n",
    "#df['Battery Capacity'] = (df['Battery Capacity'] - np.mean(df['Battery Capacity']))/np.std(df['Battery Capacity'])\n",
    "\n",
    "# for screen size we will split on the first space and cast to float. there are some with external screens (the samsung folds and flips for example) but for now we will just use the first value\n",
    "df['Screen Size'] = df['Screen Size'].astype(str).str.split(r'\\s+').str[0].astype(float)\n",
    "# normalize\n",
    "#df['Screen Size'] = (df['Screen Size'] - np.mean(df['Screen Size']))/np.std(df['Screen Size'])\n",
    "\n",
    "# for price, just remove the 'USD ' and the comma\n",
    "df['Launched Price (USA)'] = df['Launched Price (USA)'].astype(str).str.replace('USD ', '').str.replace(',', '').astype(float)\n",
    "# normalize\n",
    "#df['Launched Price (USA)'] = (df['Launched Price (USA)'] - np.mean(df['Launched Price (USA)']))/np.std(df['Launched Price (USA)'])\n",
    "\n",
    "# normalize year \n",
    "#df['Launched Year'] = (df['Launched Year'] - np.mean(df['Launched Year']))/np.std(df['Launched Year'])\n",
    "\n",
    "\n",
    "# categorical feature conversion for company, model, and processor. keep a copy of each encoder to unencode values for conclusions\n",
    "companyLE = LabelEncoder()\n",
    "df['Company Name'] = companyLE.fit_transform(df['Company Name'])\n",
    "\n",
    "modelLE = LabelEncoder()\n",
    "df['Model Name'] = modelLE.fit_transform(df['Model Name'])\n",
    "\n",
    "processorLE = LabelEncoder()\n",
    "df['Processor'] = processorLE.fit_transform(df['Processor'])\n",
    "\n",
    "#df.info()\n",
    "#df.head()\n",
    "df.corr()"
   ]
  },
  {
   "cell_type": "code",
   "execution_count": 14,
   "metadata": {},
   "outputs": [
    {
     "data": {
      "text/plain": [
       "Company Name               9.00\n",
       "Model Name               449.50\n",
       "Mobile Weight            194.00\n",
       "RAM                        8.00\n",
       "Front Camera              16.00\n",
       "Back Camera               50.00\n",
       "Processor                 98.50\n",
       "Battery Capacity        5000.00\n",
       "Screen Size                6.67\n",
       "Launched Price (USA)     449.00\n",
       "Launched Year           2023.00\n",
       "dtype: float64"
      ]
     },
     "execution_count": 14,
     "metadata": {},
     "output_type": "execute_result"
    }
   ],
   "source": [
    "# see above for TODO on keeping unnormalized array\n",
    "df.median(numeric_only=True)\n",
    "#df.mean(numeric_only=True)"
   ]
  },
  {
   "cell_type": "code",
   "execution_count": null,
   "metadata": {},
   "outputs": [],
   "source": []
  }
 ],
 "metadata": {
  "kernelspec": {
   "display_name": ".venv",
   "language": "python",
   "name": "python3"
  },
  "language_info": {
   "codemirror_mode": {
    "name": "ipython",
    "version": 3
   },
   "file_extension": ".py",
   "mimetype": "text/x-python",
   "name": "python",
   "nbconvert_exporter": "python",
   "pygments_lexer": "ipython3",
   "version": "3.13.2"
  }
 },
 "nbformat": 4,
 "nbformat_minor": 2
}
